3.7846522331237793
4.177123069763184
3.7793593406677246
4.08732008934021
3.7949540615081787
4.197099685668945
3.7857913970947266
4.117169141769409
3.8045146465301514
4.095134973526001
3.819546937942505
4.234923362731934
3.7768468856811523
4.25565767288208
3.806075096130371
4.127177000045776
3.802762269973755
4.061565637588501
3.7855186462402344
4.137859582901001
3.808596611022949
4.21932578086853
3.771023988723755
4.302525520324707
3.774944305419922
4.221388816833496
3.7690160274505615
4.226336717605591
3.795044183731079
4.253953456878662
3.8025104999542236
4.077796220779419
3.7936553955078125
4.2186994552612305
3.806368350982666
4.230424880981445
3.7787246704101562
4.148876667022705
3.801708459854126
4.153302192687988
3.8027849197387695
4.167222261428833
3.77703595161438
4.068002223968506
3.777890920639038
4.29953408241272
3.7951900959014893
4.119240760803223
3.772914409637451
4.130677700042725
3.807863235473633
4.279195785522461
3.7906317710876465
4.117578983306885
3.7823736667633057
4.158211946487427
3.7887234687805176
4.12761926651001
3.7973880767822266
4.170429706573486
3.7846739292144775
4.171645402908325
3.795822858810425
4.163941383361816
3.798403024673462
4.200458765029907
3.8317887783050537
4.069800138473511
3.8056483268737793
4.262265920639038
3.787424325942993
4.257570505142212
3.789149045944214
4.029465913772583
3.798168659210205
4.079818964004517
3.794605016708374
4.056305885314941
3.801598310470581
4.304952383041382
3.789177894592285
4.33021092414856
3.803626298904419
4.306959629058838
3.7968320846557617
4.154672384262085
3.8284683227539062
4.1605753898620605
3.787389039993286
4.203620672225952
3.786992073059082
4.250575542449951
3.7837820053100586
4.226760625839233
3.8003504276275635
4.202797174453735
3.8185508251190186
4.145716190338135
3.789257526397705
4.139540910720825
3.813438653945923
4.1106977462768555
3.8158199787139893
4.234694957733154
3.801657199859619
4.243025302886963
3.7935028076171875
4.188107967376709
3.760021924972534
4.173420190811157
3.800046920776367
4.118721961975098
3.780125856399536
4.197274684906006
3.8160345554351807
4.242544651031494
3.784449577331543
3.9992828369140625
3.801097869873047
4.126504898071289
3.7905538082122803
4.120148658752441
3.805166244506836
4.12903356552124
3.8045003414154053
4.056664705276489
3.7961485385894775
4.194708585739136
3.821896553039551
4.12864875793457
3.7842278480529785
4.166022300720215
3.801020622253418
4.098712205886841
3.820420742034912
4.228990077972412
3.799642324447632
4.101415157318115
3.8087751865386963
4.12384295463562
3.8091630935668945
4.207397699356079
3.7966907024383545
4.211154222488403
3.7741034030914307
4.16914439201355
3.792006731033325
4.113720893859863
3.8185787200927734
4.154293060302734
3.7920291423797607
4.118438482284546
3.824540853500366
4.100166082382202
3.8027737140655518
4.239563465118408
3.7900383472442627
4.165842294692993
3.8049490451812744
4.134851455688477
3.793797731399536
4.159091234207153
3.789422035217285
4.306877136230469
3.802983283996582
4.266389608383179
3.7787795066833496
4.302586793899536
3.770914316177368
4.0929176807403564
3.774600028991699
4.257634401321411
3.77034854888916
4.132699728012085
3.775954246520996
4.293103933334351
3.786292552947998
4.111360788345337
3.829160451889038
4.094852924346924
3.791433334350586
4.300137042999268
3.822080612182617
4.054607391357422
3.790646553039551
4.030953645706177
3.8101675510406494
4.294748783111572
3.7957425117492676
4.083997488021851
3.7921557426452637
4.206230640411377
3.7949392795562744
4.106450080871582
3.8084359169006348
4.172465801239014
3.7768163681030273
4.244929075241089
3.8271028995513916
4.09328556060791
3.817042350769043
4.181906700134277
3.7908859252929688
4.309170246124268
3.799967050552368
4.0389933586120605
3.804117202758789
4.150109529495239
3.7934720516204834
4.230623960494995
3.8107762336730957
4.155837059020996
3.8469505310058594
4.187640905380249
3.7884364128112793
4.151118278503418
3.786113977432251
4.212207555770874
3.7833681106567383
4.204633474349976
3.793855667114258
4.219148635864258
3.806966543197632
4.193048715591431
3.8257737159729004
4.0627007484436035
3.831029176712036
4.170019149780273
3.8108441829681396
4.124056577682495
3.7894880771636963
4.331673860549927
3.7763383388519287
4.1560139656066895
3.7894837856292725
4.16655707359314
3.799024820327759
4.352285385131836
3.809826612472534
4.13511061668396
3.7860524654388428
4.0958662033081055
3.7974321842193604
4.217532634735107
3.8038220405578613
4.1110780239105225
3.7735702991485596
4.164185523986816
3.8360159397125244
4.181764602661133
3.808605432510376
4.14244532585144
3.777860403060913
4.236787796020508
3.8017935752868652
4.215168714523315
3.817949056625366
4.090388536453247
3.7903482913970947
4.34519100189209
3.7969253063201904
4.184870719909668
3.8123199939727783
4.175151586532593
3.789574384689331
4.14841103553772
3.801537275314331
4.159592390060425
3.798750877380371
4.026116132736206
3.816333055496216
4.026644229888916
3.7830140590667725
4.111017465591431
3.815324306488037
4.194880723953247
3.8049473762512207
4.087162971496582
3.803452730178833
4.246957540512085
3.8192930221557617
4.13435697555542
3.77710223197937
4.148403882980347
3.8072662353515625
4.159550428390503
3.794339656829834
4.193570852279663
3.800344228744507
4.099571943283081
3.819235324859619
4.067880868911743
3.7809488773345947
4.175360679626465
3.8199572563171387
4.242884874343872
3.8009018898010254
4.232007265090942
3.8029944896698
4.145718336105347
3.7898542881011963
4.199728488922119
3.824542999267578
4.105611801147461
3.7996366024017334
4.072720050811768
3.7821168899536133
4.071630477905273
3.7683448791503906
4.091877222061157
3.8196909427642822
4.152297735214233
3.7983767986297607
4.142928838729858
3.7921714782714844
4.321009874343872
3.756932020187378
4.148595094680786
3.7709896564483643
4.176214694976807
3.841202735900879
4.11362886428833
3.7845211029052734
4.212368965148926
3.8001139163970947
4.337363004684448
3.773061752319336
4.230753660202026
3.781623125076294
4.218674421310425
3.793180227279663
4.144210338592529
3.808743476867676
4.0825035572052
3.8173794746398926
4.227315664291382
3.7956326007843018
4.1799399852752686
3.820284128189087
4.337662220001221
3.796799898147583
4.1031334400177
3.781989812850952
4.198957443237305
3.813526153564453
4.302414417266846
3.836029529571533
4.152724504470825
3.7943406105041504
4.246657133102417
3.802496910095215
4.291844367980957
3.7931230068206787
4.175523042678833
3.802924156188965
4.220470190048218
3.804978370666504
3.9748477935791016
3.7532994747161865
4.1954429149627686
3.816053628921509
4.273229122161865
3.7974045276641846
4.151228904724121
3.7938411235809326
4.183856248855591
3.8203208446502686
4.146897315979004
3.8411009311676025
4.184728622436523
3.7945849895477295
4.102334976196289
3.801598310470581
4.241100788116455
3.8137340545654297
4.182113409042358
3.8217732906341553
4.146639823913574
3.802833080291748
4.039834260940552
3.7801294326782227
4.252809524536133
3.805666923522949
4.114461898803711
3.7934794425964355
4.22390079498291
3.790804147720337
4.316359996795654
3.791233777999878
4.193647623062134
3.8580801486968994
4.158080339431763
3.801295518875122
4.0809526443481445
3.7975339889526367
3.989163637161255
3.7949507236480713
4.103761672973633
3.805717945098877
4.265714645385742
3.805370569229126
4.2668092250823975
3.8272433280944824
4.160908460617065
3.7989747524261475
4.262848138809204
3.816173791885376
4.131681203842163
3.8141937255859375
4.061537981033325
3.78266978263855
4.080990552902222
3.7766361236572266
4.278396844863892
3.792172431945801
4.188109397888184
3.81916880607605
4.2100670337677
3.77833890914917
4.007916688919067
3.797074794769287
4.207111835479736
3.798428535461426
4.086177587509155
3.783266544342041
4.139477729797363
3.8140435218811035
4.1313910484313965
3.7929630279541016
4.145690202713013
3.804003953933716
4.164418935775757
3.795997381210327
4.08789587020874
3.7908968925476074
4.183763742446899
3.78475284576416
4.290011167526245
3.7999515533447266
4.278640508651733
3.8147377967834473
4.133949041366577
3.789520502090454
4.08737325668335
3.8176167011260986
4.197023630142212
3.803316593170166
4.137674808502197
3.7943758964538574
4.137131690979004
3.8225514888763428
4.109489440917969
3.8362998962402344
4.207088232040405
3.8154983520507812
4.125987768173218
3.8084661960601807
4.2186853885650635
3.8043270111083984
4.177771806716919
3.8097338676452637
4.224968433380127
3.791748523712158
4.159955024719238
3.787187337875366
4.145315885543823
3.796548366546631
4.048094272613525
3.813580274581909
4.118520259857178
3.782959461212158
4.103376388549805
3.831496000289917
4.226348876953125
3.811965227127075
4.3655877113342285
3.818340301513672
4.2951483726501465
3.808955192565918
4.14849066734314
3.7904186248779297
4.166689395904541
3.8045060634613037
4.241492033004761
3.799309492111206
4.226264238357544
3.8065295219421387
4.1295905113220215
3.8319661617279053
4.192264795303345
3.8045408725738525
4.3009607791900635
3.7976577281951904
4.2975380420684814
3.7998998165130615
4.090705156326294
3.792188882827759
4.111443042755127
3.804117202758789
4.112799167633057
3.7799789905548096
4.2619469165802
3.819242000579834
4.1540210247039795
3.8080525398254395
4.144433498382568
3.8271849155426025
4.150017023086548
3.8017385005950928
4.192983865737915
3.8023457527160645
4.195178985595703
3.7699053287506104
4.1934497356414795
3.7942416667938232
4.303476095199585
3.804372787475586
4.097700357437134
3.8213629722595215
4.081298112869263
3.77023983001709
4.203841924667358
3.7911698818206787
4.179987668991089
3.8392832279205322
4.197955846786499
3.7994325160980225
4.142383098602295
3.8176496028900146
4.055474519729614
3.817491292953491
4.160438060760498
3.7952730655670166
4.106589078903198
3.7976248264312744
4.071991205215454
3.7885262966156006
4.05495285987854
3.7754130363464355
4.082777976989746
3.8476409912109375
4.206447124481201
3.7771778106689453
4.06282377243042
3.7906548976898193
4.077014446258545
3.7939257621765137
4.262288331985474
3.8089194297790527
4.103144645690918
3.8233673572540283
4.2364935874938965
3.807164430618286
4.21286940574646
3.7917470932006836
4.172252416610718
3.77714467048645
4.165678262710571
3.809478759765625
4.3166186809539795
3.7942984104156494
4.209699869155884
3.8113114833831787
4.2163403034210205
3.8300395011901855
4.10532808303833
3.7671468257904053
4.1798858642578125
3.811117649078369
4.254595518112183
3.8423819541931152
4.056169509887695
3.8067448139190674
4.167433977127075
3.776577949523926
4.142253875732422
3.783949613571167
4.195751428604126
3.7935001850128174
4.084947347640991
3.800855875015259
4.123976230621338
3.784529209136963
4.150454759597778
3.811615228652954
4.137733459472656
3.792165517807007
4.046115159988403
3.827310562133789
4.021862745285034
3.7964680194854736
4.078338146209717
3.7977728843688965
4.097079038619995
3.8180480003356934
4.052883863449097
3.816251277923584
4.215854644775391
3.817049980163574
4.132372617721558
3.814753293991089
4.097453594207764
3.7879745960235596
4.216179609298706
3.817737102508545
4.371560096740723
3.7955474853515625
4.115480184555054
3.801494598388672
4.233865022659302
3.7728612422943115
4.179371118545532
3.811070680618286
4.1351141929626465
3.788703441619873
4.177394866943359
3.794623613357544
4.117151260375977
3.7913818359375
4.223724603652954
3.7904694080352783
4.1323323249816895
3.7924325466156006
4.191975355148315
3.8072288036346436
4.184335231781006
3.8020715713500977
4.1644322872161865
3.7831969261169434
4.223324775695801
3.803741693496704
4.369441270828247
3.812371253967285
4.1218438148498535
3.796724557876587
4.123693227767944
3.7936573028564453
4.18657112121582
3.808123826980591
4.1215105056762695
3.791088819503784
4.06593132019043
3.800088882446289
4.136731863021851
3.7940402030944824
4.097353935241699
3.80173921585083
4.049864768981934
3.7861480712890625
4.154807806015015
3.8176300525665283
4.273833513259888
3.8289682865142822
4.1891257762908936
3.8063342571258545
4.110179424285889
3.7867069244384766
4.064608573913574
3.7818455696105957
4.147698402404785
3.794506788253784
4.120958089828491
3.824413776397705
4.13283371925354
3.8099730014801025
4.3277857303619385
3.8001937866210938
4.239572763442993
3.785050868988037
4.185285806655884
3.79390287399292
4.298408508300781
3.790867328643799
4.14451265335083
3.8072550296783447
4.161050319671631
3.8193154335021973
4.2104713916778564
3.804185152053833
4.225873231887817
3.8498072624206543
4.136621713638306
3.808178663253784
4.164216756820679
3.7907209396362305
4.062514305114746
3.814772605895996
4.0966761112213135
3.812974214553833
4.232776403427124
3.827017068862915
4.245045185089111
3.788400173187256
4.2292320728302
3.8384552001953125
4.103072881698608
3.7787983417510986
4.142748594284058
3.8106396198272705
4.1347081661224365
3.802997589111328
4.158172607421875
3.7739973068237305
4.214162349700928
3.819002866744995
4.1010143756866455
3.780961036682129
4.208877086639404
3.784273862838745
4.147151231765747
3.799348831176758
4.183158874511719
3.833428382873535
4.218317270278931
3.8239386081695557
4.193147897720337
3.803089141845703
4.195436239242554
3.7943036556243896
4.069833755493164
3.799406051635742
4.1615025997161865
3.7878782749176025
4.109067916870117
3.7971060276031494
4.220083951950073
3.775186777114868
4.152509927749634
3.79484486579895
4.120543956756592
3.776956081390381
4.10867714881897
3.7880396842956543
4.084810018539429
3.7899258136749268
4.229569435119629
3.791229724884033
4.190773963928223
3.798635721206665
4.142521381378174
3.7879278659820557
4.2068030834198
3.7977135181427
4.205881595611572
3.797537088394165
4.18898868560791
3.776982069015503
4.118349075317383
3.796464204788208
4.286927700042725
3.7693405151367188
4.197458028793335
3.809480667114258
4.061549425125122
3.7930824756622314
4.1248979568481445
3.7999422550201416
4.128364086151123
3.7965376377105713
4.193239688873291
3.789654493331909
4.062320947647095
3.7996459007263184
4.181720733642578
3.8026463985443115
4.126460790634155
3.8005337715148926
4.154674530029297
3.8038971424102783
4.150693893432617
3.793996810913086
4.279952526092529
3.7988321781158447
4.191718816757202
3.800781011581421
4.255131721496582
3.832533597946167
4.274468421936035
3.7925472259521484
3.9643678665161133
3.808217763900757
4.176831007003784
3.7988955974578857
4.209681987762451
3.7894487380981445
4.152214527130127
3.811091423034668
4.154473543167114
3.792234420776367
4.2441933155059814
3.794367551803589
4.161024332046509
3.7940146923065186
4.238006353378296
3.7952182292938232
4.2076661586761475
3.8180463314056396
4.152952671051025
3.811446189880371
4.234104156494141
3.8136632442474365
4.128109455108643
3.8359177112579346
4.287053823471069
3.7930288314819336
4.210071086883545
3.8097286224365234
4.076730489730835
3.8271236419677734
4.200594425201416
3.7847914695739746
4.1458775997161865
3.799905776977539
4.2014687061309814
3.80904221534729
4.216879844665527
3.843226194381714
4.140843629837036
3.776606321334839
4.232330560684204
3.7960774898529053
4.203195333480835
3.809997320175171
4.261100769042969
3.8136045932769775
4.129755973815918
3.822665214538574
4.265507221221924
3.811986207962036
4.0865161418914795
3.7888026237487793
4.036926746368408
3.8315885066986084
4.225621938705444
3.8245198726654053
4.08113956451416
3.7991504669189453
4.218635320663452
3.793973684310913
4.163636684417725
3.8308122158050537
4.191776275634766
3.794050931930542
4.173685789108276
3.7909440994262695
4.09797477722168
3.8116350173950195
4.225034475326538
3.7881743907928467
4.134911060333252
3.7820699214935303
4.185159683227539
3.828881025314331
4.123306512832642
3.8230249881744385
4.146373748779297
3.7827489376068115
4.158447265625
3.823533296585083
4.104708909988403
3.7921173572540283
4.167749881744385
3.7901859283447266
4.089924335479736
3.8070764541625977
4.235495567321777
3.7904763221740723
4.168324947357178
3.7841508388519287
4.300122499465942
3.7995197772979736
4.3298022747039795
3.7959108352661133
4.15394401550293
3.7871904373168945
4.108411073684692
3.8124024868011475
4.125260829925537
3.8059635162353516
4.2751898765563965
3.8420727252960205
4.104795694351196
3.809504508972168
4.143121004104614
3.8243026733398438
4.22444748878479
3.799398422241211
4.1912431716918945
3.8134849071502686
4.124417304992676
3.8523285388946533
4.163977861404419
3.7962496280670166
4.136875152587891
3.7821924686431885
4.1332926750183105
3.7743940353393555
4.174591302871704
3.781418561935425
4.137056112289429
3.7782745361328125
4.170362710952759
3.7965357303619385
4.117330074310303
3.7877860069274902
4.018713474273682
3.7772135734558105
4.208970308303833
3.820565938949585
4.168355464935303
3.7997260093688965
4.12202000617981
3.817735195159912
4.231531143188477
3.807544231414795
4.292987585067749
3.7843751907348633
4.165700674057007
3.788517475128174
4.122673034667969
3.791308641433716
4.1256043910980225
3.796494483947754
4.169046640396118
3.801530122756958
4.119860649108887
3.8012757301330566
4.183163642883301
3.774291515350342
4.134442329406738
3.8241755962371826
4.2913901805877686
3.7823007106781006
4.19409441947937
3.7738897800445557
4.063948631286621
3.7930636405944824
4.160857915878296
3.8145101070404053
4.131785869598389
3.819563627243042
4.221055507659912
3.7938108444213867
4.232335567474365
3.81548810005188
4.123309850692749
3.8295743465423584
4.2256739139556885
3.8078789710998535
4.191038131713867
3.890681028366089
4.214416265487671
3.788090467453003
4.208383798599243
3.788245677947998
4.041844844818115
3.7854421138763428
4.143383026123047
3.798630952835083
4.180827856063843
3.7928693294525146
4.202366828918457
3.786993980407715
4.084553480148315
3.8396904468536377
4.168633699417114
3.7936880588531494
4.182092666625977
3.8016111850738525
4.137207269668579
3.767345666885376
4.316249847412109
3.7903246879577637
3.9784393310546875
3.798755407333374
4.2069525718688965
3.787991762161255
4.273498058319092
3.813915252685547
4.218758821487427
3.7783124446868896
4.005427122116089
3.776852607727051
4.269067049026489
3.770085096359253
4.034869909286499
3.780489206314087
4.227739334106445
3.787961959838867
4.027824878692627
3.8201706409454346
4.2030816078186035
3.819061756134033
4.113945960998535
3.79284405708313
4.317725896835327
3.819784641265869
4.094537973403931
3.782043933868408
4.242085933685303
